Example of input csv file.
0.18	0.35	0.22	0.20	0.27	0.13	0.24	0.31	0.21	0.24	0.14	0.15	0.23	0.17	0.14	0.45
0.18	0.35	0.22	0.20	0.27	0.13	0.24	0.31	0.21	0.24	0.14	0.15	0.23	0.17	0.62	0.45
0.18	0.35	0.22	0.20	0.27	0.13	0.24	0.31	0.21	0.24	0.14	0.15	0.23	0.45	0.62	0.45
0.18	0.35	0.22	0.20	0.27	0.13	0.24	0.31	0.21	0.24	0.14	0.15	0.62	0.45	0.62	0.45
0.18	0.35	0.22	0.20	0.27	0.13	0.24	0.31	0.50	0.51	0.55	0.62	0.62	0.45	0.62	0.45
0.18	0.35	0.22	0.20	0.27	0.13	0.24	0.31	0.21	0.24	0.14	0.15	0.23	0.17	0.14	0.99
0.18	0.35	0.22	0.20	0.27	0.13	0.24	0.31	0.21	0.24	0.14	0.15	0.23	0.17	0.90	0.99
0.18	0.35	0.22	0.20	0.27	0.13	0.24	0.31	0.21	0.24	0.14	0.15	0.23	0.88	0.90	0.99
0.18	0.35	0.22	0.20	0.27	0.13	0.24	0.31	0.21	0.24	0.14	0.15	0.92	0.88	0.90	0.99
0.18	0.35	0.22	0.20	0.27	0.13	0.24	0.31	0.90	0.88	0.99	0.89	0.92	0.88	0.90	0.99



Example of output csv file 
Rao_Q_index	St.Dev	Mean	CV
0.044	0.085	0.227	0.377
0.061	0.127	0.257	0.493
0.068	0.133	0.274	0.486
0.082	0.159	0.298	0.531
0.095	0.171	0.389	0.441
0.076	0.205	0.261	0.786
0.106	0.256	0.308	0.831
0.131	0.290	0.352	0.823
0.154	0.321	0.396	0.811
0.186	0.357	0.579	0.617
